balloon 116 509 214 208
balloon 492 530 253 228
balloon 869 489 222 181
balloon 1289 624 180 176
balloon 1630 579 203 193
balloon 1917 629 229 220
balloon 2357 513 186 200
balloon 2579 537 218 216
balloon 140 1353 191 177
balloon 440 1345 285 199
balloon 889 1339 202 195
balloon 1201 1373 218 220
balloon 1625 1376 173 181
balloon 2015 1485 169 164
balloon 2367 1270 156 150
balloon 2643 1274 226 158
balloon 97 2440 260 181
balloon 314 2237 162 164
balloon 839 2359 188 225
balloon 1071 2283 183 204
balloon 1572 2316 168 203
balloon 2007 2210 162 129
balloon 2295 2252 118 164
balloon 2600 2526 154 154
balloon 85 3480 154 218
balloon 595 3384 189 189
balloon 817 3350 165 276
balloon 1346 3925 166 187
balloon 1618 3310 301 256
balloon 1567 3539 217 216
balloon 2045 3889 240 173
balloon 2510 3544 261 254