balloon 16 557 432 201
balloon 465 579 152 158
balloon 674 668 318 238
balloon 1027 604 134 83
balloon 1462 664 226 247
balloon 1762 615 275 229
balloon 2096 557 292 292
balloon 2468 603 244 264
balloon 2739 620 280 236
balloon 3028 690 112 89
balloon 3217 701 463 292
balloon 3725 1005 269 148
balloon 4001 1147 341 194
balloon 4396 1165 490 294
balloon 0 1323 327 222
balloon 495 1347 297 181
balloon 810 1457 407 256
balloon 1592 2061 414 206
balloon 1859 2464 208 212
balloon 2483 2729 315 234
balloon 2641 1999 250 163
balloon 3537 1973 294 190
balloon 4196 2373 620 482
balloon 0 2367 305 277
balloon 321 2193 292 206
balloon 491 1950 297 115
balloon 1286 1333 394 173
balloon 1791 1363 501 260
balloon 2440 1428 754 394
balloon 3509 1632 275 101
balloon 4151 357 516 192