balloon 0 173 351 129
balloon 456 248 593 172
balloon 1232 268 169 146
balloon 1876 174 538 150
balloon 2546 231 297 154
balloon 2982 254 262 147
balloon 3572 244 308 123
balloon 4461 739 448 242
balloon 9 1390 206 226
balloon 156 1143 427 227
balloon 773 1270 360 194
balloon 1484 1341 569 375
balloon 2591 952 179 132
balloon 3014 1083 244 219
balloon 3634 825 236 144
balloon 3459 1594 114 116
balloon 3617 1565 258 391
balloon 4733 1854 216 365
balloon 4553 2123 274 97
balloon 3 2349 295 198
balloon 617 2314 254 183
balloon 1043 2263 294 178
balloon 1437 2365 307 205
balloon 2070 2340 263 225
balloon 2887 2820 290 126
balloon 3375 2474 116 73
balloon 3783 2579 224 265
balloon 4073 2695 198 218
balloon 4370 2671 318 183