balloon 1 1264 416 70 70
balloon 1 1616 413 69 69
balloon 1 1792 413 71 68
balloon 1 1263 501 72 68
balloon 1 2230 500 57 69
balloon 1 1784 850 71 69
balloon 1 2228 760 60 68
balloon 1 711 1072 386 256
balloon 1 1966 937 74 70
balloon 1 209 1119 74 71
balloon 1 1705 1199 62 68
balloon 1 1971 1114 70 72
balloon 1 2048 1201 72 73
balloon 1 2237 1110 52 65
balloon 1 1391 1654 247 444
balloon 1 1705 1287 68 83
balloon 1 1855 1301 125 101
balloon 1 1965 1462 73 72
balloon 1 1903 1552 49 73
balloon 1 2052 1547 76 69
balloon 1 603 2433 515 611
balloon 1 1886 2161 70 62
balloon 1 1969 2423 73 71
balloon 1 374 2847 207 375
balloon 1 1563 2661 111 114
balloon 1 1762 2653 111 106
balloon 1 850 2841 136 218
balloon 1 1269 2777 70 73
balloon 1 1967 2683 70 66
balloon 1 1970 2770 71 68
balloon 1 2234 2682 57 65
balloon 1 2236 2857 55 66
balloon 1 1841 2934 250 127
balloon 1 2228 3031 64 64
balloon 1 1493 3173 195 68