balloon 1 868 385 218 172
balloon 1 407 1191 355 171
balloon 1 768 1198 42 93
balloon 1 900 1517 385 467
balloon 1 418 1544 266 208
balloon 1 1418 1714 333 399
balloon 1 1792 1563 319 206
balloon 1 2055 1289 68 87
balloon 1 851 1718 389 123
balloon 1 1952 1678 192 108
balloon 1 342 1873 113 122
balloon 1 583 1792 269 32
balloon 1 945 1964 212 218
balloon 1 593 1935 184 99
balloon 1 1275 2093 354 151
balloon 1 74 2353 648 352
balloon 1 818 2348 94 82
balloon 1 1644 2598 227 229
balloon 1 1112 2591 135 55
balloon 1 466 3110 153 464
balloon 1 1048 3102 569 461