balloon 1 2114 674 187 420
balloon 1 2334 545 213 251
balloon 1 2546 977 384 307
balloon 1 934 1356 348 274
balloon 1 1947 1361 304 293
balloon 1 811 2591 492 631
balloon 1 1882 2107 63 134
balloon 1 1690 2294 170 135
balloon 1 2288 2511 273 448
balloon 1 2653 2455 128 292
balloon 1 93 2605 475 393
balloon 1 1185 3079 253 293
balloon 1 897 3143 147 167
balloon 1 1596 3385 172 219
balloon 1 2657 3312 42 248
balloon 1 98 3796 325 394
balloon 1 1137 3616 54 100
balloon 1 1832 3570 165 96
balloon 1 889 4023 148 351
balloon 1 1051 3832 123 149
balloon 1 1634 4013 435 307
balloon 1 2530 3826 123 45
balloon 1 2767 3826 143 53
balloon 1 1432 4016 118 119