balloon 1 40 542 457 187
balloon 1 1443 961 131 378
balloon 1 1844 1027 434 453
balloon 1 673 918 255 276
balloon 1 58 1048 250 166
balloon 1 721 1736 183 386
balloon 1 1027 1778 189 388
balloon 1 1856 1647 107 251
balloon 1 148 1781 98 94
balloon 1 384 1781 175 131
balloon 1 1322 1777 108 79
balloon 1 1904 2076 300 247
balloon 1 150 2251 103 163
balloon 1 397 2813 719 242
balloon 1 842 2484 189 46
balloon 1 1373 2672 496 109
balloon 1 1385 2975 289 235
balloon 1 377 3212 195 224
balloon 1 848 3246 298 392