balloon 1 39 272 441 175
balloon 1 510 306 433 158
balloon 1 974 203 442 110
balloon 1 725 495 112 175
balloon 1 879 561 64 172
balloon 1 1000 357 365 151
balloon 1 565 561 119 142
balloon 1 1082 771 336 186
balloon 1 928 1173 492 374
balloon 1 567 912 114 37
balloon 1 703 913 201 113
balloon 1 526 1330 162 250
balloon 1 757 1243 124 237
balloon 1 92 1439 124 165
balloon 1 1273 1324 53 103
balloon 1 36 1947 774 418
balloon 1 839 1751 284 256
balloon 1 1039 2174 387 681
balloon 1 292 1992 87 58
balloon 1 843 2148 104 172