balloon 1 525 403 464 228
balloon 1 2113 600 451 320
balloon 1 622 980 356 313
balloon 1 1834 1662 419 273
balloon 1 1025 1662 296 214
balloon 1 671 1880 285 242
balloon 1 248 2347 62 154
balloon 1 1418 2406 252 187
balloon 1 1944 2359 167 120
balloon 1 2223 2427 282 211
balloon 1 1223 2628 125 88
balloon 1 1409 2548 71 103
balloon 1 1534 2697 72 158
balloon 1 1862 2693 69 156
balloon 1 2041 2611 134 74
balloon 1 2218 2553 72 106
balloon 1 613 2797 309 162
balloon 1 1121 2705 139 58
balloon 1 1936 2701 141 51
balloon 1 591 3094 420 208
balloon 1 1386 3211 233 60
balloon 1 1145 3463 129 74
balloon 1 1483 3465 122 158