balloon 1 533 503 39 78
balloon 1 615 594 63 87
balloon 1 1153 749 271 256
balloon 1 821 773 53 73
balloon 1 77 1106 68 138
balloon 1 290 1158 345 211
balloon 1 1521 982 139 114
balloon 1 202 1209 57 111
balloon 1 1768 1320 103 37
balloon 1 201 1700 161 127
balloon 1 886 1747 209 203
balloon 1 1211 1736 155 248
balloon 1 297 1856 101 104
balloon 1 169 1964 58 112
balloon 1 782 2131 112 210
balloon 1 912 2083 68 76
balloon 1 987 2079 79 71
balloon 1 127 2439 59 76
balloon 1 297 2462 237 64
balloon 1 1346 2368 89 124
balloon 1 572 2572 81 115
balloon 1 1400 2572 181 70
balloon 1 0 3367 39 106