balloon 1 17 149 317 149
balloon 1 966 38 447 38
balloon 1 1682 16 352 16
balloon 1 1980 322 156 164
balloon 1 109 509 261 225
balloon 1 442 535 327 273
balloon 1 865 486 257 184
balloon 1 1278 622 560 235
balloon 1 2273 541 566 235
balloon 1 1908 645 288 237
balloon 1 2636 1295 418 323
balloon 1 101 1344 638 262
balloon 1 1081 1366 351 263
balloon 1 2362 1246 179 143
balloon 1 629 2077 196 72
balloon 1 829 2343 483 300
balloon 1 1557 2273 185 148
balloon 1 1575 2082 149 33
balloon 1 2875 2082 144 61
balloon 1 71 2442 280 184
balloon 1 2589 2507 157 140
balloon 1 143 3003 149 30
balloon 1 1843 3016 175 44
balloon 1 2875 3075 179 152
balloon 1 585 3361 441 290
balloon 1 2506 3547 274 258
balloon 1 1348 3847 179 104
balloon 1 2065 3889 229 175
balloon 1 24 4157 143 70