balloon 1 1358 295 95 116
balloon 1 608 1011 390 358
balloon 1 1305 792 464 169
balloon 1 2200 1195 369 200
balloon 1 402 1214 145 152
balloon 1 233 1534 198 171
balloon 1 660 1905 676 600
balloon 1 2194 1831 385 422
balloon 1 1383 1846 307 163
balloon 1 1005 2115 32 146
balloon 1 1799 2252 47 300
balloon 1 1406 2438 319 231
balloon 1 1810 2420 26 151
balloon 1 2209 2450 307 247
balloon 1 1810 2576 27 145
balloon 1 1804 2818 36 127
balloon 1 576 3124 446 252
balloon 1 368 3158 137 156
balloon 1 2167 4100 244 321
balloon 1 1011 4176 36 104
balloon 1 1015 4325 37 111