balloon 1 21 693 170 176
balloon 1 27 514 86 81
balloon 1 114 515 85 83
balloon 1 194 603 85 85
balloon 1 201 514 84 84
balloon 1 282 601 85 85
balloon 1 288 513 84 82
balloon 1 376 600 173 173
balloon 1 635 776 438 351
balloon 1 1168 599 82 87
balloon 1 1171 509 82 82
balloon 1 1255 599 82 88
balloon 1 1341 512 91 91
balloon 1 1343 597 83 84
balloon 1 1431 597 81 84
balloon 1 2124 769 93 174
balloon 1 2131 508 88 84
balloon 1 1164 859 85 85
balloon 1 1253 859 83 85
balloon 1 1253 771 89 171
balloon 1 1344 773 83 86
balloon 1 1345 684 80 83
balloon 1 1429 775 84 86
balloon 1 1431 683 81 83
balloon 1 1517 862 83 87
balloon 1 1602 857 85 82
balloon 1 1951 1119 271 349
balloon 1 17 1042 84 88
balloon 1 281 1038 82 83
balloon 1 367 1038 81 83
balloon 1 721 1124 376 309
balloon 1 1159 1122 100 175
balloon 1 1173 945 173 84
balloon 1 1387 977 229 83
balloon 1 28 1305 346 265
balloon 1 380 1127 82 85
balloon 1 722 1212 83 85
balloon 1 27 1477 83 83
balloon 1 29 1654 343 350
balloon 1 522 1337 97 125
balloon 1 725 1388 82 86
balloon 1 727 1474 84 83
balloon 1 729 1300 84 86
balloon 1 990 1298 86 86
balloon 1 1168 1383 83 84
balloon 1 1169 1471 84 86
balloon 1 1694 1383 84 86
balloon 1 1696 1468 84 83
balloon 1 2047 1293 174 84
balloon 1 2131 1378 87 81
balloon 1 2133 1470 88 86
balloon 1 29 1651 80 84
balloon 1 375 1651 85 85
balloon 1 551 1648 86 82
balloon 1 729 1563 84 86
balloon 1 1167 1646 88 174
balloon 1 1256 1733 87 173
balloon 1 1260 1557 84 86
balloon 1 1694 1643 85 85
balloon 1 1698 1555 83 83
balloon 1 2045 1732 178 175
balloon 1 2135 1553 85 80
balloon 1 196 1738 90 83
balloon 1 551 1736 85 82
balloon 1 1171 1733 84 86
balloon 1 1366 1771 291 156
balloon 1 36 2005 81 85
balloon 1 115 1916 83 84
balloon 1 121 2006 87 89
balloon 1 200 1916 86 84
balloon 1 816 1913 85 85
balloon 1 903 2000 180 173
balloon 1 23 2091 84 83
balloon 1 33 2267 82 85
balloon 1 34 2181 81 86
balloon 1 112 2091 82 83
balloon 1 121 2352 82 257
balloon 1 207 2177 83 84
balloon 1 208 2264 81 86
balloon 1 328 2372 225 191
balloon 1 643 2438 468 305
balloon 1 899 2090 170 88
balloon 1 1172 2346 88 173
balloon 1 1172 2346 175 260
balloon 1 1464 2450 513 306
balloon 1 2049 2256 175 84
balloon 1 2136 2168 91 84
balloon 1 35 2352 79 83
balloon 1 167 2455 495 59
balloon 1 208 2354 81 85
balloon 1 1173 2693 962 345
balloon 1 1351 2431 84 174
balloon 1 2050 2344 86 86
balloon 1 2154 2463 123 164
balloon 1 26 2701 172 261
balloon 1 359 2922 379 271
balloon 1 1173 2781 85 83
balloon 1 1264 2868 84 84
balloon 1 826 2921 294 65
balloon 1 837 3004 217 51
balloon 1 1060 3023 62 61
balloon 1 1443 3209 246 308
balloon 1 836 3102 200 54
balloon 1 1037 3141 84 38
balloon 1 1722 3207 312 90