balloon 1 699 961 547 526
balloon 1 119 1401 434 511
balloon 1 1074 1212 174 155
balloon 1 1283 1281 62 108
balloon 1 1350 1295 78 131
balloon 1 1451 1258 52 102
balloon 1 1906 1607 232 165
balloon 1 378 2361 274 424
balloon 1 793 2056 77 80
balloon 1 874 2069 77 102
balloon 1 959 2033 46 71
balloon 1 1309 2202 235 355
balloon 1 720 2308 353 230
balloon 1 732 2166 49 99
balloon 1 802 2308 271 240
balloon 1 1287 3052 546 703
balloon 1 390 3006 136 314
balloon 1 1870 3070 71 296
balloon 1 2032 2984 136 127
balloon 1 2333 2978 97 175