balloon 1 1000 417 71 44
balloon 1 1651 1045 606 692
balloon 1 928 521 80 46
balloon 1 1208 524 88 46
balloon 1 46 1248 41 149
balloon 1 112 1156 65 52
balloon 1 194 1338 460 248
balloon 1 677 1234 75 93
balloon 1 823 1249 33 117
balloon 1 873 1231 50 89
balloon 1 949 1183 51 64
balloon 1 1062 1216 70 81
balloon 1 1234 1192 79 79
balloon 1 1330 1171 82 68
balloon 1 1138 1397 62 83
balloon 1 1339 1410 80 72
balloon 1 1056 1799 101 91
balloon 1 688 2506 1321 711
balloon 1 46 2629 1252 812
balloon 1 2257 2449 90 501
balloon 1 1247 2775 74 55
balloon 1 1455 2965 284 328
balloon 1 48 3022 442 156
balloon 1 495 2977 682 149