balloon 1 199 390 172 270
balloon 1 98 1036 870 917
balloon 1 333 1034 635 914
balloon 1 333 1034 724 879
balloon 1 1089 257 512 134
balloon 1 1625 194 55 69
balloon 1 1705 655 529 530
balloon 1 2157 569 77 395
balloon 1 114 435 14 185
balloon 1 120 913 534 654
balloon 1 333 1034 635 710
balloon 1 1090 523 279 263
balloon 1 1107 704 139 141
balloon 1 1124 560 208 112
balloon 1 1649 528 51 126
balloon 1 1276 812 35 131
balloon 1 1369 950 65 201
balloon 1 1494 856 119 105
balloon 1 1693 774 102 53
balloon 1 1946 825 69 92
balloon 1 100 1019 59 115
balloon 1 161 1036 34 132
balloon 1 1636 931 74 71
balloon 1 1906 907 55 66
balloon 1 107 1481 754 410
balloon 1 862 1580 34 452
balloon 1 1253 1748 984 670
balloon 1 1637 1281 128 190
balloon 1 1253 1748 984 688
balloon 1 1253 1748 984 689
balloon 1 928 1749 1309 407
balloon 1 1148 1748 1089 473
balloon 1 1253 1748 984 473
balloon 1 1253 1748 984 481
balloon 1 101 1603 43 105
balloon 1 147 1593 32 95
balloon 1 181 1590 93 77
balloon 1 291 1601 87 64
balloon 1 444 1589 79 94
balloon 1 628 1603 27 95
balloon 1 102 1671 795 79
balloon 1 691 1590 144 93
balloon 1 102 1752 795 134
balloon 1 647 2369 344 590
balloon 1 711 2368 519 591
balloon 1 186 2142 153 241
balloon 1 1263 2363 186 438
balloon 1 1470 2089 82 216
balloon 1 1634 2360 606 419
balloon 1 105 2370 168 212
balloon 1 433 2369 184 239
balloon 1 1189 3105 649 714
balloon 1 1844 3098 398 701
balloon 1 1844 3098 398 700
balloon 1 105 2569 342 169
balloon 1 659 3112 328 671
balloon 1 2397 3269 8 726