balloon 1 124 390 1084 254
balloon 1 63 927 1145 716
balloon 1 1236 677 958 457
balloon 1 1238 665 221 173
balloon 1 1239 800 588 186
balloon 1 880 1518 405 568
balloon 1 1311 1699 890 753
balloon 1 404 1720 839 702
balloon 1 182 1338 153 134
balloon 1 1313 1716 439 443
balloon 1 212 1876 246 126
balloon 1 581 1824 335 77
balloon 1 1157 2147 857 405
balloon 1 589 1936 189 101
balloon 1 788 1907 75 74
balloon 1 2017 2014 186 206
balloon 1 250 2354 475 203
balloon 1 416 2197 556 132
balloon 1 1270 2344 136 170
balloon 1 1409 2343 274 160
balloon 1 736 2341 243 106
balloon 1 1045 3103 573 733
balloon 1 76 3113 942 629
balloon 1 1750 2623 128 220
balloon 1 115 2798 89 98