balloon 1 116 778 286 642
balloon 1 845 437 106 242
balloon 1 1723 793 528 637
balloon 1 459 447 104 122
balloon 1 719 790 953 556
balloon 1 600 788 686 187
balloon 1 112 1381 345 575
balloon 1 487 1336 439 529
balloon 1 953 1024 100 63
balloon 1 953 945 101 65
balloon 1 954 861 100 48
balloon 1 1557 1000 188 180
balloon 1 951 1234 101 79
balloon 1 952 1130 100 80
balloon 1 1081 1236 184 96
balloon 1 1083 1128 66 80
balloon 1 1518 1239 295 208
balloon 1 111 1477 76 134
balloon 1 190 1457 82 87
balloon 1 354 1877 570 662
balloon 1 947 1882 1293 620
balloon 1 1594 1882 648 615
balloon 1 1594 1882 648 613
balloon 1 110 1625 31 145
balloon 1 311 1694 128 185
balloon 1 109 1875 440 162
balloon 1 104 2579 1140 676
balloon 1 1488 2583 752 674
balloon 1 102 2861 79 73
balloon 1 103 2767 81 81
balloon 1 103 2662 66 58
balloon 1 630 2848 62 60
balloon 1 682 2703 79 96
balloon 1 1215 3113 842 505
balloon 1 2059 3115 176 504
balloon 1 537 3096 212 147
balloon 1 579 2927 128 67
balloon 1 760 3097 176 116
balloon 1 1086 3111 28 136
balloon 1 1212 3111 359 300
balloon 1 969 3099 98 98