balloon 1 0 193 292 145
balloon 1 757 424 86 148
balloon 1 141 1391 156 21
balloon 1 324 1390 469 25
balloon 1 389 1546 171 150
balloon 1 990 1840 1251 486
balloon 1 374 1658 64 91
balloon 1 1822 1977 276 61
balloon 1 1046 2340 195 318
balloon 1 1784 2135 203 125
balloon 1 389 2484 59 88
balloon 1 791 2794 739 440
balloon 1 1259 2339 181 27
balloon 1 1598 2580 198 205
balloon 1 1721 2334 141 26
balloon 1 538 2624 162 96
balloon 1 1309 2794 248 292
balloon 1 1968 2549 169 72
balloon 1 467 3084 56 355
balloon 1 753 2741 28 121
balloon 1 1837 2711 107 34
balloon 1 1870 2917 30 152
balloon 1 1532 3142 28 267
balloon 1 1653 3030 326 39
balloon 1 756 3154 27 146
balloon 1 1982 3034 155 32