balloon 1 236 272 539 119
balloon 1 1516 825 46 660
balloon 1 1618 172 136 53
balloon 1 1759 251 213 105
balloon 1 844 864 32 661
balloon 1 1886 427 46 169
balloon 1 278 1005 107 55
balloon 1 481 1007 185 86
balloon 1 983 1057 195 97
balloon 1 1280 1000 136 57
balloon 1 1859 988 191 59
balloon 1 1879 869 139 34
balloon 1 547 1075 143 58
balloon 1 1767 1249 117 60
balloon 1 1979 1357 129 258
balloon 1 1538 1537 31 277
balloon 1 465 1799 81 58
balloon 1 956 1821 79 93
balloon 1 1139 1872 93 87
balloon 1 1544 1894 28 128
balloon 1 1743 1809 93 79
balloon 1 1803 1907 295 174
balloon 1 418 1981 373 176
balloon 1 361 2620 115 78
balloon 1 599 2616 152 80
balloon 1 1054 2854 301 345
balloon 1 1549 2701 29 169
balloon 1 1664 2676 95 151
balloon 1 1806 2585 85 60
balloon 1 129 2911 61 122
balloon 1 1551 3085 27 117