balloon 1 74 1044 1972 877
balloon 1 264 450 300 277
balloon 1 580 267 92 69
balloon 1 688 267 93 69
balloon 1 832 387 121 224
balloon 1 626 1044 1841 875
balloon 1 1253 1037 1214 877
balloon 1 1747 283 133 123
balloon 1 1895 260 86 68
balloon 1 1995 259 87 68
balloon 1 1982 781 1028 592
balloon 1 1982 781 1028 593
balloon 1 2385 259 84 71
balloon 1 2490 488 332 299
balloon 1 2541 488 281 297
balloon 1 2541 707 469 553
balloon 1 2895 446 72 254
balloon 1 2989 344 19 189
balloon 1 403 1044 2064 843
balloon 1 1253 1037 1214 747
balloon 1 84 1940 1469 858
balloon 1 86 1940 1467 867
balloon 1 881 1927 672 831
balloon 1 1680 1294 88 225
balloon 1 1723 1914 330 846
balloon 1 1940 1139 45 72
balloon 1 2201 1901 812 840
balloon 1 2887 1137 126 79
balloon 1 2677 1635 336 482
balloon 1 82 1438 55 231
balloon 1 83 1697 52 63
balloon 1 2077 1824 75 223
balloon 1 2187 1911 79 149
balloon 1 2283 1910 387 157
balloon 1 89 2772 598 807
balloon 1 808 2632 745 677
balloon 1 1565 2425 343 445
balloon 1 2356 2022 243 84
balloon 1 714 2187 72 152
balloon 1 2209 2186 97 107
balloon 1 2248 2263 72 74
balloon 1 2638 2168 90 110
balloon 1 2902 2414 100 364
balloon 1 2043 2742 400 480
balloon 1 2285 2741 730 342
balloon 1 2834 2443 62 123
balloon 1 1573 2749 413 316
balloon 1 469 4036 824 1243
balloon 1 751 2740 78 85
balloon 1 804 3206 341 416
balloon 1 1184 3272 266 487
balloon 1 1286 3738 559 955
balloon 1 1717 2995 152 206
balloon 1 1947 2840 93 64
balloon 1 2732 3312 189 543
balloon 1 160 3430 35 509
balloon 1 2473 3313 258 460
balloon 1 2986 3178 32 296
balloon 1 394 3271 162 206
balloon 1 349 3415 72 102
balloon 1 2373 3894 543 560
balloon 1 469 4036 824 570
balloon 1 1886 3668 333 233
balloon 1 2391 3869 525 451
balloon 1 100 4041 1193 438
balloon 1 2246 4004 79 221
balloon 1 2919 3938 23 271
balloon 1 1815 4011 124 74
balloon 1 2375 3995 30 100
balloon 1 2946 3920 75 81