balloon 1 1861 274 97 95
balloon 1 161 649 457 401
balloon 1 851 766 786 561
balloon 1 1863 448 62 91
balloon 1 2141 668 529 358
balloon 1 2141 668 529 393
balloon 1 2796 460 135 139
balloon 1 49 640 95 58
balloon 1 1865 650 64 111
balloon 1 49 821 803 151
balloon 1 863 808 273 71
balloon 1 1700 821 226 149
balloon 1 1932 830 164 81
balloon 1 2389 792 547 94
balloon 1 38 944 78 99
balloon 1 171 824 681 16
balloon 1 733 1337 28 493
balloon 1 785 1125 648 280
balloon 1 1543 1306 594 459
balloon 1 2265 1183 531 189
balloon 1 69 1312 550 278
balloon 1 669 1686 123 120
balloon 1 2030 1790 222 221
balloon 1 75 2096 524 325
balloon 1 2678 1881 90 137
balloon 1 2084 2257 209 327
balloon 1 2602 2436 350 303
balloon 1 2423 2852 527 347
balloon 1 341 3147 153 201
balloon 1 1626 3144 143 327
balloon 1 957 3193 48 65
balloon 1 2465 3238 31 178
balloon 1 2547 3411 193 172
balloon 1 276 3536 323 43
balloon 1 746 3625 254 116
balloon 1 1094 3706 187 151
balloon 1 1349 3621 109 97
balloon 1 1985 3765 179 220
balloon 1 2215 3660 68 149
balloon 1 2361 3705 88 127
balloon 1 2559 3745 236 216
balloon 1 2633 4141 316 628
balloon 1 83 3840 97 85
balloon 1 405 3973 256 231
balloon 1 1737 4046 181 190
balloon 1 2253 4144 349 324