balloon 1 120 487 204 178
balloon 1 325 376 172 172
balloon 1 499 507 239 197
balloon 1 808 900 11 614
balloon 1 874 476 212 161
balloon 1 1104 367 171 160
balloon 1 1812 386 175 175
balloon 1 2362 508 429 298
balloon 1 1295 1088 246 635
balloon 1 1580 674 97 181
balloon 1 1739 1090 531 667
balloon 1 612 1083 194 349
balloon 1 823 1086 350 303
balloon 1 1112 771 100 41
balloon 1 2283 1092 186 343
balloon 1 83 1089 94 278
balloon 1 322 1008 144 43
balloon 1 2512 1092 104 225
balloon 1 2877 874 71 65
balloon 1 146 1332 576 205
balloon 1 892 1340 524 221
balloon 1 1830 1331 175 178
balloon 1 2371 1244 146 118
balloon 1 2648 1327 328 204
balloon 1 1628 1342 165 142
balloon 1 2021 1465 156 137
balloon 1 523 2033 282 485
balloon 1 822 1755 80 211
balloon 1 81 2022 181 393
balloon 1 270 2027 197 366
balloon 1 822 2034 79 145
balloon 1 128 2260 174 176
balloon 1 319 2219 151 140
balloon 1 844 2335 406 246
balloon 1 1578 2303 313 240
balloon 1 1936 2202 250 139
balloon 1 2292 2224 117 128
balloon 1 102 2433 231 166
balloon 1 1977 2477 217 103
balloon 1 2605 2516 144 139
balloon 1 80 2977 48 252
balloon 1 860 2980 270 141
balloon 1 1221 2972 170 85
balloon 1 1574 3328 314 332
balloon 1 2458 3225 441 227
balloon 1 820 3326 159 246
balloon 1 1099 3105 125 98
balloon 1 1924 3081 73 69
balloon 1 2260 3213 114 129
balloon 1 2322 3843 676 842
balloon 1 92 3471 114 197
balloon 1 599 3363 180 162
balloon 1 1555 3946 222 617
balloon 1 679 3541 118 91
balloon 1 1995 3647 130 195
balloon 1 78 3943 294 214
balloon 1 826 3932 326 261
balloon 1 1348 3920 160 177
balloon 1 2074 3884 209 163