balloon 1 449 165 155 101
balloon 1 1338 260 87 93
balloon 1 1429 134 82 106
balloon 1 2323 58 119 58
balloon 1 2356 263 65 101
balloon 1 485 1044 801 702
balloon 1 1727 435 94 40
balloon 1 1521 1040 669 648
balloon 1 2357 435 55 114
balloon 1 158 1814 1105 754
balloon 1 1656 1242 83 88
balloon 1 2065 1279 146 40
balloon 1 470 2031 87 65
balloon 1 728 1959 147 87
balloon 1 1019 2018 103 79
balloon 1 1593 1978 217 153
balloon 1 2172 1862 98 36
balloon 1 2329 2140 91 148
balloon 1 909 2129 257 80
balloon 1 2329 2375 95 227
balloon 1 264 2542 236 24
balloon 1 1412 2546 286 38
balloon 1 1707 2545 586 43
balloon 1 1764 2718 246 151
balloon 1 2149 2640 95 46
balloon 1 107 2652 93 46
balloon 1 175 2805 146 81
balloon 1 2060 2860 237 141
balloon 1 2067 2684 70 51
balloon 1 1289 3190 126 279
balloon 1 1170 3391 66 66