balloon 1 27 306 273 287
balloon 1 205 449 78 75
balloon 1 293 472 147 98
balloon 1 838 411 93 37
balloon 1 1477 445 179 74
balloon 1 46 450 149 40
balloon 1 549 599 133 115
balloon 1 554 521 167 109
balloon 1 1210 492 173 48
balloon 1 1431 489 146 42
balloon 1 1742 456 127 47
balloon 1 1757 556 91 38
balloon 1 1943 486 177 80
balloon 1 9 1301 32 615
balloon 1 151 1236 365 139
balloon 1 441 1090 102 38
balloon 1 545 1089 242 37
balloon 1 813 1183 188 87
balloon 1 1011 1146 125 40
balloon 1 1435 1086 121 37
balloon 1 1399 1254 204 147
balloon 1 1715 1219 526 123
balloon 1 584 1296 199 81
balloon 1 952 1359 235 57
balloon 1 956 1296 253 79
balloon 1 22 2037 29 298
balloon 1 574 1828 194 41
balloon 1 845 1780 148 82
balloon 1 1594 1822 195 39
balloon 1 108 1923 104 37
balloon 1 248 1918 134 34
balloon 1 390 1994 335 158
balloon 1 454 1920 156 84
balloon 1 883 2065 303 194
balloon 1 1358 1917 231 72
balloon 1 2041 1914 73 49
balloon 1 80 2836 280 248
balloon 1 519 2619 84 38
balloon 1 885 2655 138 75
balloon 1 1422 2556 116 38
balloon 1 1464 2651 117 73
balloon 1 1584 2614 120 40
balloon 1 481 2695 149 37
balloon 1 602 2777 79 58
balloon 1 757 2656 116 39
balloon 1 775 2692 97 35
balloon 1 1636 2652 107 37
balloon 1 769 3203 407 340
balloon 1 1996 2954 65 99
balloon 1 232 3161 98 73
balloon 1 2038 3208 68 162
balloon 1 2118 3205 42 160
balloon 1 1130 3395 66 66
balloon 1 2235 3266 82 54