balloon 1 120 560 81 399
balloon 1 211 515 337 427
balloon 1 722 241 476 223
balloon 1 1052 1398 772 1210
balloon 1 1052 1398 772 1233
balloon 1 797 491 317 202
balloon 1 1354 782 470 450
balloon 1 797 1176 434 579
balloon 1 379 809 78 155
balloon 1 204 1037 73 76
balloon 1 656 1257 481 406
balloon 1 194 1822 581 733
balloon 1 923 1421 119 117
balloon 1 1534 1398 197 170
balloon 1 875 1599 81 84
balloon 1 794 1721 107 92
balloon 1 227 2091 476 266
balloon 1 844 2096 308 293
balloon 1 1532 2659 352 711
balloon 1 395 2284 270 110
balloon 1 1110 2326 348 171
balloon 1 286 2638 387 282
balloon 1 806 2408 83 61
balloon 1 969 2444 60 78