balloon 1 167 185 59 96
balloon 1 290 137 89 111
balloon 1 802 126 74 97
balloon 1 1064 711 849 650
balloon 1 265 734 329 146
balloon 1 820 608 118 148
balloon 1 130 926 130 200
balloon 1 641 746 160 142
balloon 1 826 766 33 108
balloon 1 775 888 79 72
balloon 1 892 913 99 109
balloon 1 1668 964 58 61
balloon 1 754 1802 392 630
balloon 1 984 1362 199 322
balloon 1 1362 1164 128 74
balloon 1 1666 1143 82 77
balloon 1 1396 1524 154 218
balloon 1 128 2388 413 608
balloon 1 281 2687 1654 1070
balloon 1 1314 1974 121 192
balloon 1 122 2388 419 530
balloon 1 433 1942 113 38
balloon 1 325 2687 1610 694
balloon 1 1221 2687 714 877