balloon 1 0 398 1082 398
balloon 1 1340 561 541 439
balloon 1 355 801 795 375
balloon 1 1016 639 169 164
balloon 1 66 1138 350 372
balloon 1 506 913 75 159
balloon 1 759 963 391 318
balloon 1 573 1045 59 131
balloon 1 494 1270 107 71
balloon 1 649 1322 159 171
balloon 1 637 2206 838 1020
balloon 1 1466 1579 469 536
balloon 1 128 2660 1594 1292
balloon 1 48 1567 75 114
balloon 1 128 2659 835 1185
balloon 1 383 2660 1339 1192
balloon 1 1545 1938 390 470
balloon 1 33 1817 101 102
balloon 1 1738 2652 197 616