balloon 1 488 350 226 163
balloon 1 1361 468 498 408
balloon 1 213 1843 687 1526
balloon 1 1331 468 396 254
balloon 1 820 868 409 429
balloon 1 1381 865 83 81
balloon 1 1674 833 87 67
balloon 1 1768 837 95 95
balloon 1 769 950 44 84
balloon 1 1438 1117 114 127
balloon 1 1012 1475 581 263
balloon 1 963 1695 182 130
balloon 1 1130 1910 230 198
balloon 1 1233 1707 184 66
balloon 1 478 2633 223 643
balloon 1 558 1966 71 39
balloon 1 888 2243 442 261
balloon 1 1510 2232 247 414
balloon 1 1616 2232 262 353
balloon 1 710 2362 78 178
balloon 1 1525 2285 232 259