balloon 1 183 395 662 285
balloon 1 327 102 181 52
balloon 1 653 96 231 69
balloon 1 1235 86 202 49
balloon 1 1894 78 242 78
balloon 1 2150 210 65 98
balloon 1 863 385 267 53
balloon 1 1628 554 309 160
balloon 1 1970 603 370 221
balloon 1 134 587 143 142
balloon 1 881 714 713 304
balloon 1 1768 639 100 84
balloon 1 339 940 62 98
balloon 1 888 1090 712 287
balloon 1 1646 1072 640 256
balloon 1 131 1801 719 679
balloon 1 293 1041 213 33
balloon 1 370 1589 479 453
balloon 1 894 1555 670 423
balloon 1 1649 1708 484 577
balloon 1 1195 1650 80 92
balloon 1 2230 1549 97 133
balloon 1 1629 1878 459 102
balloon 1 1983 2164 398 440
balloon 1 222 2430 428 587
balloon 1 666 2031 85 82
balloon 1 889 3223 1485 1413
balloon 1 1897 2164 216 274
balloon 1 217 3254 381 716
balloon 1 217 3254 653 696
balloon 1 638 2514 156 81
balloon 1 994 2670 49 107
balloon 1 1955 2602 56 84
balloon 1 917 3244 57 93
balloon 1 1091 3241 329 112
balloon 1 893 3395 103 80