balloon 1 1069 550 567 120
balloon 1 2295 814 79 91
balloon 1 692 1133 154 145
balloon 1 743 986 105 69
balloon 1 1445 1140 168 254
balloon 1 2138 1148 235 315
balloon 1 1105 1137 275 69
balloon 1 880 2215 1361 1051
balloon 1 1863 1146 140 67
balloon 1 2120 1663 162 73
balloon 1 2285 1947 72 59
balloon 1 294 2877 573 562
balloon 1 1489 2570 115 156
balloon 1 1681 2696 297 121
balloon 1 285 3449 1390 846
balloon 1 1403 2786 81 96
balloon 1 1604 3274 94 593
balloon 1 1819 2879 78 108
balloon 1 2067 2972 151 351
balloon 1 1693 3409 209 125