balloon 1 214 713 88 178
balloon 1 769 686 67 202
balloon 1 891 734 95 258
balloon 1 242 879 284 163
balloon 1 561 871 95 91
balloon 1 758 826 89 110
balloon 1 892 1134 1459 249
balloon 1 333 1138 261 68
balloon 1 176 1864 609 318
balloon 1 1191 1655 38 222
balloon 1 1508 1697 98 103
balloon 1 976 1833 106 55
balloon 1 1098 1723 261 43
balloon 1 1394 1853 213 90
balloon 1 2016 1673 259 28
balloon 1 176 2083 615 217
balloon 1 1649 2036 68 64
balloon 1 1733 1986 129 81
balloon 1 1898 2042 257 68
balloon 1 2181 2056 177 86
balloon 1 173 2496 408 373
balloon 1 640 2447 214 258
balloon 1 1659 2572 261 394
balloon 1 2033 2133 113 70
balloon 1 2126 2279 83 142
balloon 1 859 2607 459 357
balloon 1 1355 2498 255 278
balloon 1 1384 2498 220 258
balloon 1 716 2582 137 49
balloon 1 1373 2760 957 244
balloon 1 1453 2760 877 187
balloon 1 860 2875 30 213
balloon 1 908 2776 316 161
balloon 1 161 3162 612 238
balloon 1 1255 3284 366 317
balloon 1 2110 2954 163 39
balloon 1 164 3292 221 123
balloon 1 1657 3195 49 109
balloon 1 1718 3282 152 153
balloon 1 1954 3279 290 125