balloon 1 37 36 164 36
balloon 1 259 105 2108 105
balloon 1 439 398 75 104
balloon 1 820 411 126 149
balloon 1 1817 408 401 153
balloon 1 272 745 548 286
balloon 1 2259 1112 100 660
balloon 1 471 904 237 43
balloon 1 1029 980 106 112
balloon 1 1052 1061 88 70
balloon 1 44 1861 775 720
balloon 1 281 1551 538 427
balloon 1 1267 1100 103 44
balloon 1 1943 1412 304 253
balloon 1 925 1335 326 22
balloon 1 945 1703 553 374
balloon 1 1707 1594 68 60
balloon 1 1227 1805 153 81
balloon 1 129 2363 691 500
balloon 1 1657 2224 519 216
balloon 1 1211 2343 139 82
balloon 1 1399 2388 93 103
balloon 1 934 2772 294 204
balloon 1 1614 3149 652 589
balloon 1 1909 2481 154 67
balloon 1 161 2732 101 71
balloon 1 526 2849 164 86
balloon 1 730 2753 92 62
balloon 1 1486 2865 63 69
balloon 1 1089 3073 285 258
balloon 1 1482 3178 89 298
balloon 1 581 3177 148 78
balloon 1 1686 3195 417 36
balloon 1 229 3377 78 107
balloon 1 541 3247 258 27