balloon 1 1644 546 189 40
balloon 1 1887 676 121 81
balloon 1 1433 934 115 227
balloon 1 1589 855 123 66
balloon 1 1786 783 104 79
balloon 1 1906 771 199 66
balloon 1 386 1514 405 325
balloon 1 937 1565 618 394
balloon 1 229 1527 116 136
balloon 1 856 1463 69 112
balloon 1 1654 1366 181 151
balloon 1 1718 1449 108 81
balloon 1 1580 1484 126 84
balloon 1 145 2336 198 366
balloon 1 215 1961 379 83
balloon 1 211 2171 143 203
balloon 1 504 2009 93 47
balloon 1 680 2015 105 119
balloon 1 825 2118 95 219
balloon 1 1014 2246 1263 384
balloon 1 421 2247 197 207
balloon 1 135 2929 280 335
balloon 1 417 2728 179 131
balloon 1 470 2596 275 25
balloon 1 841 2606 213 30
balloon 1 1546 2880 705 346
balloon 1 780 2907 32 217
balloon 1 417 2898 106 81