balloon 1 88 419 309 260
balloon 1 142 137 2173 137
balloon 1 1960 318 217 171
balloon 1 88 1034 633 577
balloon 1 1603 1122 410 662
balloon 1 1979 556 330 37
balloon 1 1199 1077 368 241
balloon 1 356 1824 485 668
balloon 1 1270 1318 296 155
balloon 1 1616 1592 705 427
balloon 1 1310 1446 77 94
balloon 1 188 1727 146 167
balloon 1 911 1658 124 235
balloon 1 859 1823 705 221
balloon 1 1602 1823 393 161
balloon 1 2101 1674 161 36
balloon 1 99 1989 85 53
balloon 1 1602 2252 713 402
balloon 1 145 2129 363 38
balloon 1 853 2311 160 153
balloon 1 1304 2200 259 141
balloon 1 127 2533 682 323
balloon 1 427 2346 66 89
balloon 1 982 2493 510 132
balloon 1 1339 2493 222 104
balloon 1 1612 2532 708 261
balloon 1 156 2933 665 386
balloon 1 848 2796 28 195
balloon 1 1204 2946 215 268
balloon 1 1429 3003 500 249
balloon 1 2325 3140 122 479
balloon 1 255 3086 82 149
balloon 1 873 3006 139 43
balloon 1 1379 3081 134 165
balloon 1 2057 2927 219 42
balloon 1 334 3253 75 119
balloon 1 432 3282 293 146
balloon 1 853 3111 105 41
balloon 1 1128 3133 72 88
balloon 1 1990 3266 103 43