balloon 1 92 392 400 259
balloon 1 657 77 1168 38
balloon 1 1799 242 85 87
balloon 1 2025 174 102 95
balloon 1 2153 347 164 235
balloon 1 2059 391 93 69
balloon 1 2324 407 146 205
balloon 1 374 1090 418 653
balloon 1 855 1088 727 680
balloon 1 1793 696 404 259
balloon 1 2348 559 70 76
balloon 1 221 802 84 85
balloon 1 1665 865 82 77
balloon 1 1799 809 62 99
balloon 1 2109 829 79 82
balloon 1 1734 1087 72 159
balloon 1 1865 1086 452 226
balloon 1 90 1512 701 409
balloon 1 1596 1480 463 362
balloon 1 2064 1291 162 135
balloon 1 828 1512 122 306
balloon 1 978 1798 579 515
balloon 1 252 1672 130 121
balloon 1 1614 1707 87 117
balloon 1 1725 1656 78 109
balloon 1 827 1797 48 127
balloon 1 277 2069 154 168
balloon 1 1016 2014 86 130
balloon 1 1128 2263 415 446
balloon 1 2089 2040 117 60
balloon 1 585 2113 140 102
balloon 1 1632 2187 165 69
balloon 1 1696 2180 372 153
balloon 1 2071 2199 130 101
balloon 1 146 2409 125 186
balloon 1 379 2480 138 131
balloon 1 836 2338 108 129
balloon 1 1348 2429 105 84
balloon 1 295 2572 493 28
balloon 1 661 2509 124 94
balloon 1 956 3233 591 682
balloon 1 612 3003 178 207
balloon 1 2316 2957 160 197
balloon 1 89 2970 87 83
balloon 1 256 3091 459 263
balloon 1 27 3226 43 137
balloon 1 352 3181 76 63
balloon 1 717 3179 72 119
balloon 1 1721 3177 81 82
balloon 1 1812 3115 67 102
balloon 1 1916 3134 129 100