balloon 1 203 1901 2126 1427
balloon 1 1261 668 83 81
balloon 1 1349 673 67 85
balloon 1 1417 631 65 90
balloon 1 1832 635 209 143
balloon 1 1484 767 96 96
balloon 1 2073 698 188 86
balloon 1 1607 1235 722 308
balloon 1 1624 904 89 68
balloon 1 1824 878 97 54
balloon 1 1923 927 93 87
balloon 1 410 2066 412 121
balloon 1 864 2130 448 183
balloon 1 1441 1997 139 48
balloon 1 1620 2122 150 173
balloon 1 2090 1997 187 46
balloon 1 191 2334 330 215
balloon 1 201 2118 107 81
balloon 1 1999 2073 79 68
balloon 1 2133 2116 99 116
balloon 1 863 2614 716 380
balloon 1 678 2587 62 90
balloon 1 266 2796 90 85
balloon 1 492 2800 325 108
balloon 1 1621 2840 66 107
balloon 1 1642 2936 695 319
balloon 1 173 3045 88 109
balloon 1 470 3055 180 170
balloon 1 662 3087 158 194
balloon 1 1205 3095 114 149
balloon 1 1378 2978 69 102
balloon 1 1414 3094 165 160
balloon 1 1887 3042 105 77
balloon 1 640 3170 183 82
balloon 1 863 3079 172 69
balloon 1 864 3273 48 99
balloon 1 1172 3202 118 94
balloon 1 1405 3189 175 75
balloon 1 1621 3321 443 223
balloon 1 1646 3091 141 75
balloon 1 2161 3239 81 73
balloon 1 240 3418 447 81
balloon 1 253 3333 287 59
balloon 1 726 3445 776 116