balloon 1 521 638 330 178
balloon 1 1276 571 300 135
balloon 1 1307 655 137 78
balloon 1 1655 785 214 312
balloon 1 123 1155 556 263
balloon 1 887 1143 713 276
balloon 1 1637 1135 606 206
balloon 1 135 1871 751 692
balloon 1 751 1147 96 134
balloon 1 897 1876 742 698
balloon 1 906 1557 129 250
balloon 1 1066 1535 80 251
balloon 1 1067 1263 52 54
balloon 1 1343 1558 262 316
balloon 1 1675 1585 563 381
balloon 1 1649 1850 590 223
balloon 1 462 2054 106 69
balloon 1 730 2024 102 51
balloon 1 1276 2040 140 131
balloon 1 1651 2025 406 147
balloon 1 1653 2565 558 687
balloon 1 380 2754 1242 673
balloon 1 144 2754 1478 448
balloon 1 545 2918 134 159
balloon 1 873 2896 29 152
balloon 1 1355 2886 82 90
balloon 1 1462 2872 158 115
balloon 1 1773 2735 62 84
balloon 1 1720 3076 563 444
balloon 1 754 2927 66 96
balloon 1 977 3017 330 164
balloon 1 1668 3286 408 452
balloon 1 531 3298 314 141
balloon 1 1077 3255 90 95
balloon 1 1484 3287 144 92
balloon 1 454 3437 134 128
balloon 1 1164 3385 109 64
balloon 1 1238 3291 90 61
balloon 1 1429 3415 143 122
balloon 1 2217 3384 79 82