balloon 1 243 242 63 101
balloon 1 292 84 2040 84
balloon 1 2161 266 85 82
balloon 1 2024 380 59 95
balloon 1 964 1068 327 632
balloon 1 1288 907 310 453
balloon 1 182 796 131 83
balloon 1 459 863 80 98
balloon 1 1830 739 88 87
balloon 1 2332 786 19 168
balloon 1 132 1043 146 236
balloon 1 293 925 57 90
balloon 1 541 1055 84 129
balloon 1 567 947 161 143
balloon 1 1395 1069 77 93
balloon 1 1524 954 72 42
balloon 1 1920 1082 159 138
balloon 1 123 1762 801 675
balloon 1 758 1357 551 256
balloon 1 1643 1624 310 489
balloon 1 1994 1491 350 356
balloon 1 1056 1513 190 145
balloon 1 2052 1615 68 116
balloon 1 2122 1601 66 99
balloon 1 114 2252 583 466
balloon 1 397 2252 440 455
balloon 1 930 1769 323 19
balloon 1 1256 1717 72 75
balloon 1 2048 1705 80 68
balloon 1 888 2485 602 660
balloon 1 1112 2485 378 517
balloon 1 1781 2142 455 321
balloon 1 1890 2296 104 97
balloon 1 2026 2239 56 58
balloon 1 375 2383 123 128
balloon 1 2201 2500 122 111
balloon 1 111 2568 127 71
balloon 1 853 3205 633 683
balloon 1 1415 2572 116 46
balloon 1 1820 3218 499 676
balloon 1 471 3204 347 600
balloon 1 1536 3001 123 193
balloon 1 1591 3214 185 175
balloon 1 118 3492 803 28