balloon 1 2449 590 823 508
balloon 1 3035 676 625 527
balloon 1 3695 694 743 567
balloon 1 4531 444 294 339
balloon 1 197 254 89 46
balloon 1 931 386 78 52
balloon 1 1415 376 83 65
balloon 1 2198 348 66 52
balloon 1 3644 596 163 334
balloon 1 1575 593 105 79
balloon 1 1742 525 102 62
balloon 1 2170 558 88 49
balloon 1 1005 1048 609 295
balloon 1 2028 892 368 268
balloon 1 2526 704 456 47
balloon 1 2541 893 675 154
balloon 1 4237 1190 634 495
balloon 1 3352 913 95 97
balloon 1 3582 1122 578 317
balloon 1 280 1247 200 111
balloon 1 1822 1259 210 120
balloon 1 2418 1424 256 345
balloon 1 3239 1445 261 257
balloon 1 3965 1278 94 102
balloon 1 420 1390 95 69
balloon 1 986 1359 153 119
balloon 1 1945 1420 83 80
balloon 1 3719 1386 147 54
balloon 1 4200 1291 71 73
balloon 1 4604 1409 136 117
balloon 1 213 1776 132 177
balloon 1 922 1588 90 98
balloon 1 1110 1490 83 74
balloon 1 1699 1536 79 95
balloon 1 1764 1705 132 157
balloon 1 2152 1681 109 103
balloon 1 2306 1576 67 92
balloon 1 3228 1694 213 237
balloon 1 3754 1673 154 121
balloon 1 4487 1573 95 76
balloon 1 0 1785 65 152
balloon 1 536 1747 119 68
balloon 1 933 1878 164 92
balloon 1 960 1783 136 164
balloon 1 1332 1797 135 114
balloon 1 2817 2032 180 236
balloon 1 3980 1726 68 108
balloon 1 3155 2053 92 132
balloon 1 4356 2176 175 277
balloon 1 2756 2319 105 138
balloon 1 3591 2389 116 202
balloon 1 758 2520 138 143
balloon 1 1146 2447 160 148
balloon 1 1916 2322 133 115
balloon 1 1964 2647 438 254
balloon 1 2763 2564 214 190
balloon 1 2885 2357 87 62
balloon 1 4538 2507 419 247
balloon 1 0 2806 189 296
balloon 1 165 2489 99 88
balloon 1 1640 2533 109 107
balloon 1 2637 2744 243 285
balloon 1 2824 2614 115 125
balloon 1 3311 2575 111 89
balloon 1 3689 2660 112 110
balloon 1 0 3343 1094 680
balloon 1 1121 2739 110 75
balloon 1 1106 2966 322 230
balloon 1 1298 2717 84 68
balloon 1 2299 2844 108 94
balloon 1 3412 2851 322 219
balloon 1 3753 2972 669 288
balloon 1 4442 2868 237 139
balloon 1 4632 2731 109 107
balloon 1 4709 2897 179 160
balloon 1 2688 3261 316 292
balloon 1 3587 2947 90 68
balloon 1 4825 3239 134 245
balloon 1 3341 3152 133 104
balloon 1 3 3474 2365 54