balloon 1 4405 546 112 57
balloon 1 295 766 83 90
balloon 1 1596 781 103 72
balloon 1 2772 703 77 68
balloon 1 3084 891 82 92
balloon 1 3265 826 84 72
balloon 1 0 1126 1054 285
balloon 1 1486 887 85 71
balloon 1 2076 988 98 182
balloon 1 2230 928 167 123
balloon 1 2601 1246 981 381
balloon 1 3816 948 74 88
balloon 1 3835 1113 67 84
balloon 1 4461 1226 256 125
balloon 1 0 1577 137 224
balloon 1 36 1345 92 69
balloon 1 357 1394 175 95
balloon 1 1401 1393 200 89
balloon 1 1923 1449 217 114
balloon 1 2539 1345 163 90
balloon 1 2508 1824 1094 502
balloon 1 4276 1385 83 74
balloon 1 4541 1421 98 77
balloon 1 0 1803 978 330
balloon 1 159 1555 77 97
balloon 1 1058 1504 138 74
balloon 1 1191 1742 347 172
balloon 1 4186 1581 176 70
balloon 1 1797 1712 73 55
balloon 1 2862 1910 75 78
balloon 1 3040 2040 157 188
balloon 1 3685 2180 153 92
balloon 1 4074 2258 115 112
balloon 1 3013 2305 90 68
balloon 1 0 2857 234 365
balloon 1 700 2892 182 133
balloon 1 902 2773 87 97
balloon 1 1901 2753 149 52
balloon 1 829 3009 140 89
balloon 1 988 3048 59 171
balloon 1 2259 3061 77 128
balloon 1 2584 3075 79 83
balloon 1 168 3105 161 95
balloon 1 596 3317 269 139
balloon 1 2427 3208 71 195
balloon 1 2428 3423 420 70
balloon 1 649 3449 425 26