balloon 1 2053 515 237 318
balloon 1 682 537 143 256
balloon 1 1376 459 157 89
balloon 1 622 1023 365 358
balloon 1 1356 781 402 114
balloon 1 1558 1022 66 84
balloon 1 411 1206 122 119
balloon 1 2219 1187 341 174
balloon 1 670 1883 291 247
balloon 1 1414 1838 266 145
balloon 1 1419 2417 294 199
balloon 1 2219 2433 287 220
balloon 1 1341 2672 63 151
balloon 1 1412 2547 69 102
balloon 1 1498 2654 54 141
balloon 1 2220 2552 65 105
balloon 1 2229 2668 52 86
balloon 1 2310 2666 57 150
balloon 1 452 2797 157 164
balloon 1 612 2797 310 163
balloon 1 587 3096 425 209
balloon 1 1338 3385 469 502
balloon 1 2217 2982 49 68
balloon 1 373 3144 129 136
balloon 1 548 3283 74 95
balloon 1 742 3468 158 328
balloon 1 510 3441 65 152
balloon 1 631 3390 74 133
balloon 1 1309 3415 67 121
balloon 1 2173 3987 227 196